% Purple: An Open Source Numerical Optimization C++ Library.
% Newton Method Object.
PopulationSize:
50
NumberOfVariables:
5
FitnessAssignmentMethod:
LinearRanking
SelectionMethod:
StochasticUniversalSampling
RecombinationMethod:
Intermediate
MutationMethod:
Uniform
SelectivePressure:
1.5
RecombinationSize:
0.25
MutationRate:
0.2
MutationRange: 
0.1
EvaluationGoal: 
0.001
MaximumTime: 
1000
MaximumNumberOfGenerations: 
1000
ShowPeriod: 
100
Population:
Individual0:
-0.0249522 0.00494885 0.0026891 -0.982145 0.98904 
Individual1:
-0.052026 0.00343641 0.0598906 -0.960683 0.921713 
Individual2:
-0.0330122 -0.0130309 0.0410362 -0.997752 1.00702 
Individual3:
-0.0178723 -0.0113917 0.0136955 -1.0065 1.00919 
Individual4:
-0.0373538 0.0120792 -0.00497002 -0.980661 1.00582 
Individual5:
-0.0196242 0.00986795 -0.127031 -0.903574 1.03847 
Individual6:
-0.0247152 -0.000620021 0.0697829 -1.0406 1.06613 
Individual7:
-0.0220222 -0.000623781 -0.000364559 -1.0049 0.981631 
Individual8:
-0.0285434 -0.000799074 0.0152605 -0.994822 0.999284 
Individual9:
-0.0227439 -0.0036586 0.014404 -1.00544 0.973795 
Individual10:
-0.121198 -0.00923625 0.0102222 -0.994016 0.978678 
Individual11:
-0.0321565 0.00116331 0.0506339 -0.995025 1.00149 
Individual12:
-0.0221575 0.0150617 -0.102135 -0.987216 1.00234 
Individual13:
-0.00140023 -0.00630904 -0.0248103 -0.99792 1.0154 
Individual14:
0.00963574 -0.0332718 -0.00647597 -1.07283 0.948912 
Individual15:
-0.0378827 -0.0139219 -0.00196866 -1.04099 0.921195 
Individual16:
-0.100941 -0.000152695 -0.0607953 -1.00184 1.02671 
Individual17:
-0.0133489 -0.0312354 -0.0099305 -0.996439 1.00048 
Individual18:
0.104257 -0.00709975 0.0112621 -1.00269 0.975147 
Individual19:
0.0709814 -0.00834023 0.047184 -1.01104 0.97879 
Individual20:
-0.0754833 -0.000808429 0.0297774 -0.947603 1.04436 
Individual21:
-0.0136591 0.102403 -0.023607 -0.976912 1.05591 
Individual22:
-0.0446697 -0.0375128 0.0107778 -0.93545 1.00179 
Individual23:
0.0261553 -0.0336265 -0.0223314 -1.02488 1.0085 
Individual24:
-0.0274874 0.0189735 -0.0058359 -1.06888 1.0029 
Individual25:
-0.0143962 0.0120314 -0.0643134 -1.03103 1.0064 
Individual26:
-0.0131082 -0.0670442 0.0012348 -0.995216 0.969337 
Individual27:
0.0144188 -0.0146599 0.00597352 -1.00937 0.995999 
Individual28:
0.0012584 -0.0212759 0.01359 -1.00191 0.994275 
Individual29:
-0.00625989 0.00121645 -0.00685214 -0.994959 0.999521 
Individual30:
-0.0393218 -0.00384911 -0.0231974 -0.96859 0.999474 
Individual31:
0.0125839 0.0173389 -0.0234227 -0.969263 1.03801 
Individual32:
-0.0456003 -0.000572145 0.0317958 -1.05222 0.975293 
Individual33:
-0.0231991 -0.000651175 0.012094 -0.992883 0.996666 
Individual34:
-0.0562987 -0.00126065 -0.00612951 -1.07093 0.995051 
Individual35:
-0.0413924 -0.0100949 0.0520404 -1.04028 1.00037 
Individual36:
-0.0321446 -0.0150203 0.0911106 -0.996592 0.999556 
Individual37:
0.0556948 -0.0220153 0.00135156 -0.998554 0.946825 
Individual38:
-0.0773909 -0.0218024 -0.000403422 -1.06161 1.00498 
Individual39:
-0.0146294 -0.014747 -0.0226901 -0.989086 1.0038 
Individual40:
0.0803958 -0.0416046 -0.0120556 -1.0035 0.880294 
Individual41:
0.0544346 -0.0330166 0.0104023 -0.985529 0.92564 
Individual42:
-0.0113921 -0.0125173 0.067264 -0.985437 1.00049 
Individual43:
-0.0307823 -0.0432671 0.0210433 -1.02406 0.992033 
Individual44:
-0.0358765 0.0148501 -0.00854179 -0.972629 1.01232 
Individual45:
-0.0317236 0.00523653 0.0172879 -0.983553 0.999283 
Individual46:
-0.044301 -0.0170106 -0.0593929 -0.953258 0.983413 
Individual47:
-0.0771457 -0.00224963 0.0407452 -0.943592 0.963045 
Individual48:
0.0438591 0.000432673 -0.0201163 -1.01192 0.991105 
Individual49:
-0.0197721 0.00558089 0.00185938 -1.02077 0.997943 
